&StatCorr
   Name1 = 'ATLAS Z AFB muons'
   Name2 = 'ATLAS Z AFB muons'

   NIdColumns1 = 2
   NIdColumns2 = 2

   IdColumns1 = 'm1','m2'
   IdColumns2 = 'm1','m2'

   NBins1 = 20
   NBins2 = 20

   MatrixFormatIsTable = true

  ! Matrix Type: 
  !   'Statistical correlations':     Given are correlation factors that need to be applied to statistical errors
  !                                   needs 'stat' column in data files
  !   'Systematic correlations' :     Given are correlation factors that need to be applied to systematic errors
  !                                   needs 'uncor' column in data files
  !   'Systematic covariance matrix': Given is a systematic covariance matrix  
  !
  !   'Full covariance matrix':       Given is a full covariance matrix including stat and syst parts
  !
  !   'Full correlation matrix':      Given is a full correlation matrix including stat and syst parts

  !  For uncertainties provided in matrix format use the following format and options:
  !  bin1_min 	       bin1_max    [delta1_i] 	c_11	  c_12	 c_13	 ...
  !  bin2_min 	       bin2_max    [delta2_i] 	c_21	  c_22	 c_23	 ...
  !  ....
  ! 
  ! If full correlation matrix, provide also the delta_i

!   MatrixType = 'Full correlation matrix'
   MatrixType = 'Statistical correlations'
&End
0	0	66	70	76	80	86	88	89	90	91	92	93	94	95	100	105	110	116	125	250	500	
0	0	70	76	80	86	88	89	90	91	92	93	94	95	100	105	110	116	125	250	500	1000 	
66	70	 1.000  -0.550  -0.449  0.344  -0.408  -0.366  -0.018  -0.073  -0.449  0.403  0.265  0.220  0.159  0.151  0.049  -0.453  0.060  -0.328  0.432  -0.256 
70	76	 -0.550  1.000  0.436  0.033  0.515  0.482  0.339  0.269  0.082  -0.452  -0.292  -0.170  -0.295  -0.364  -0.158  0.505  -0.211  0.365  -0.410  0.103 
76	80	 -0.449  0.436  1.000  0.123  0.690  0.802  0.536  0.658  -0.140  -0.605  -0.644  -0.428  -0.524  -0.691  -0.270  0.691  -0.002  0.289  -0.509  0.201 
80	86	 0.344  0.033  0.123  1.000  0.361  0.347  0.430  0.450  -0.184  -0.259  -0.429  -0.357  -0.413  -0.581  -0.465  0.094  0.168  0.119  -0.127  0.193 
86	88	 -0.408  0.515  0.690  0.361  1.000  0.890  0.745  0.590  -0.139  -0.661  -0.650  -0.614  -0.553  -0.744  -0.289  0.592  -0.252  0.231  -0.492  0.105 
88	89	 -0.366  0.482  0.802  0.347  0.890  1.000  0.831  0.811  -0.113  -0.842  -0.864  -0.712  -0.758  -0.840  -0.505  0.689  -0.040  0.344  -0.497  0.155 
89	90	 -0.018  0.339  0.536  0.430  0.745  0.831  1.000  0.806  -0.208  -0.739  -0.712  -0.692  -0.729  -0.696  -0.455  0.457  -0.275  0.197  -0.258  -0.165 
90	91	 -0.073  0.269  0.658  0.450  0.590  0.811  0.806  1.000  -0.063  -0.678  -0.833  -0.679  -0.741  -0.784  -0.517  0.515  0.111  0.261  -0.340  0.122 
91	92	 -0.449  0.082  -0.140  -0.184  -0.139  -0.113  -0.208  -0.063  1.000  -0.136  -0.104  -0.283  -0.203  0.158  -0.232  -0.016  0.108  0.249  -0.062  0.158 
92	93	 0.403  -0.452  -0.605  -0.259  -0.661  -0.842  -0.739  -0.678  -0.136  1.000  0.891  0.776  0.788  0.635  0.652  -0.595  0.015  -0.454  0.392  -0.103 
93	94	 0.265  -0.292  -0.644  -0.429  -0.650  -0.864  -0.712  -0.833  -0.104  0.891  1.000  0.874  0.838  0.768  0.699  -0.554  -0.210  -0.372  0.391  -0.250 
94	95	 0.220  -0.170  -0.428  -0.357  -0.614  -0.712  -0.692  -0.679  -0.283  0.776  0.874  1.000  0.821  0.581  0.616  -0.360  -0.009  -0.240  0.254  -0.072 
95	100	0.159  -0.295  -0.524  -0.413  -0.553  -0.758  -0.729  -0.741  -0.203  0.788  0.838  0.821  1.000  0.660  0.661  -0.496  -0.026  -0.395  0.298  -0.033 
100	105	 0.151  -0.364  -0.691  -0.581  -0.744  -0.840  -0.696  -0.784  0.158  0.635  0.768  0.581  0.660  1.000  0.460  -0.594  -0.084  -0.261  0.421  -0.237 
105	110	 0.049  -0.158  -0.270  -0.465  -0.289  -0.505  -0.455  -0.517  -0.232  0.652  0.699  0.616  0.661  0.460  1.000  -0.355  -0.287  -0.322  0.153  -0.166 
110	116	 -0.453  0.505  0.691  0.094  0.592  0.689  0.457  0.515  -0.016  -0.595  -0.554  -0.360  -0.496  -0.594  -0.355  1.000  -0.141  0.352  -0.428  0.154 
116	125	 0.060  -0.211  -0.002  0.168  -0.252  -0.040  -0.275  0.111  0.108  0.015  -0.210  -0.009  -0.026  -0.084  -0.287  -0.141  1.000  0.019  -0.028  0.462 
125	250	 -0.328  0.365  0.289  0.119  0.231  0.344  0.197  0.261  0.249  -0.454  -0.372  -0.240  -0.395  -0.261  -0.322  0.352  0.019  1.000  -0.317  0.180 
250	500	 0.432  -0.410  -0.509  -0.127  -0.492  -0.497  -0.258  -0.340  -0.062  0.392  0.391  0.254  0.298  0.421  0.153  -0.428  -0.028  -0.317  1.000  -0.291 
500	1000 	 -0.256  0.103  0.201  0.193  0.105  0.155  -0.165  0.122  0.158  -0.103  -0.250  -0.072  -0.033  -0.237  -0.166  0.154  0.462  0.180  -0.291  1.000 
