  MINUIT RELEASE 96.03  INITIALIZED.   DIMENSIONS 200/ 50  EPSMAC=  0.89E-15

 PARAMETER DEFINITIONS:
    NO.   NAME         VALUE      STEP SIZE      LIMITS
     1 'Adbar     '   0.14631      0.10000E-01     no limits
     2 'Adv       '    1.0000      constant
     3 'Ag        '    1.0000      constant
     4 'Aubar     '    0.0000      constant
     5 'Auv       '    1.0000      constant
     6 'Bdbar     '  -0.13553      0.20000E-02     no limits
     7 'Bdv       '   0.61189      0.70000E-02     no limits
     8 'Bg        '   0.20402      0.20000E-01     no limits
     9 'Bubar     '    0.0000      constant
    10 'Buv       '   0.68465      0.70000E-02     no limits
    11 'Cdbar     '    8.2710      0.30000E-01     no limits
    12 'Cdv       '    7.7521      0.60000E-01     no limits
    13 'Cg        '    7.9940      0.60000E-01     no limits
    14 'Cubar     '    5.4919      0.30000E-01     no limits
    15 'Cuv       '    4.7148      0.50000E-01     no limits
    16 'Ddbar     '    8.5408      0.50000E-02     no limits
    17 'Ddv       '    0.0000      constant
    18 'Dg        '  -0.24598      0.20000E-01     no limits
    19 'Dubar     '   -1.6820      0.20000E-01     no limits
    20 'Duv       '    0.0000      constant
    21 'Edv       '    0.0000      constant
    22 'Euv       '    0.0000      constant
    23 'Fdv       '    6.5682      0.30000E-01     no limits
    24 'Fuv       '    3.2091      0.30000E-01     no limits
 **********
 **    1 **CALL FCN    1.000    
 **********

 FCN=   1484.177     FROM CALl fcn  STATUS=RESET          1 CALLS        1 TOTAL
                     EDM= unknown      STRATEGY= 1      NO ERROR MATRIX       

  EXT PARAMETER               CURRENT GUESS      PHYSICAL LIMITS       
  NO.   NAME        VALUE          ERROR       NEGATIVE      POSITIVE  
   1    Adbar      0.14631       0.10000E-01
   2    Adv         1.0000       constant   
   3    Ag          1.0000       constant   
   4    Aubar       0.0000       constant   
   5    Auv         1.0000       constant   
   6    Bdbar     -0.13553       0.20000E-02
   7    Bdv        0.61189       0.70000E-02
   8    Bg         0.20402       0.20000E-01
   9    Bubar       0.0000       constant   
  10    Buv        0.68465       0.70000E-02
  11    Cdbar       8.2710       0.30000E-01
  12    Cdv         7.7521       0.60000E-01
  13    Cg          7.9940       0.60000E-01
  14    Cubar       5.4919       0.30000E-01
  15    Cuv         4.7148       0.50000E-01
  16    Ddbar       8.5408       0.50000E-02
  17    Ddv         0.0000       constant   
  18    Dg        -0.24598       0.20000E-01
  19    Dubar      -1.6820       0.20000E-01
  20    Duv         0.0000       constant   
  21    Edv         0.0000       constant   
  22    Euv         0.0000       constant   
  23    Fdv         6.5682       0.30000E-01
  24    Fuv         3.2091       0.30000E-01
 **********
 **    2 **SET STR    2.000    
 **********

 NOW USING STRATEGY  2: MAKE SURE MINIMUM TRUE, ERRORS CORRECT  

 **********
 **    3 **CALL FCN    3.000    
 **********
 **********
 **    4 **MIGRAD 
 **********
 START MIGRAD MINIMIZATION.  STRATEGY 2.  CONVERGENCE WHEN EDM .LT. 0.10E-03
 EIGENVALUES OF SECOND-DERIVATIVE MATRIX:
        -0.9488E-01 -0.1716E-01  0.2736E-02  0.2772E-02  0.1594E-01  0.2474E-01
         0.3072E-01  0.4596E-01  0.5687E-01  0.1070E+00  0.3481E+00  0.5186E+00
         0.1745E+01  0.1879E+01  0.1034E+02
 MINUIT WARNING IN HESSE   
 ============== MATRIX FORCED POS-DEF BY ADDING  0.10522     TO DIAGONAL.

 FCN=   1484.177     FROM HESSE     STATUS=NOT POSDEF   196 CALLS      198 TOTAL
                     EDM=  0.26E+03    STRATEGY= 2      ERR MATRIX NOT POS-DEF

  EXT PARAMETER                APPROXIMATE        STEP         FIRST   
  NO.   NAME        VALUE          ERROR          SIZE      DERIVATIVE 
   1    Adbar      0.14631       0.26285E-02   0.88962E-03    5776.1    
   2    Adv         1.0000       constant   
   3    Ag          1.0000       constant   
   4    Aubar       0.0000       constant   
   5    Auv         1.0000       constant   
   6    Bdbar     -0.13553       0.21847E-02   0.63568E-03   -6761.9    
   7    Bdv        0.61189       0.23001E-01   0.54009E-02   -434.61    
   8    Bg         0.20402       0.11215E-01   0.35197E-02    194.06    
   9    Bubar       0.0000       constant   
  10    Buv        0.68465       0.76609E-02   0.14370E-02   -3212.0    
  11    Cdbar       8.2710       0.37847       0.30000E-01    38.150    
  12    Cdv         7.7521       0.16364       0.41350E-01    50.443    
  13    Cg          7.9940       0.27754       0.50582E-01    14.108    
  14    Cubar       5.4919        1.1730       0.30000E-01    33.223    
  15    Cuv         4.7148       0.39469E-01   0.96166E-02    277.28    
  16    Ddbar       8.5408       0.89617       0.50000E-02   -6.7788    
  17    Ddv         0.0000       constant   
  18    Dg        -0.24598       0.24835       0.20000E-01   -11.491    
  19    Dubar      -1.6820       0.43918       0.20000E-01   -53.298    
  20    Duv         0.0000       constant   
  21    Edv         0.0000       constant   
  22    Euv         0.0000       constant   
  23    Fdv         6.5682       0.22857       0.30000E-01   -41.449    
  24    Fuv         3.2091       0.55907E-01   0.13075E-01   -268.12    
 MINUIT WARNING IN MIGRAD  
 ============== Negative diagonal element  9 in Error Matrix
 MINUIT WARNING IN MIGRAD  
 ==============     0.14E+01 added to diagonal of error matrix
 CALL LIMIT EXCEEDED IN MIGRAD.
 MIGRAD TERMINATED WITHOUT CONVERGENCE.

 FCN=   1379.926     FROM MIGRAD    STATUS=CALL LIMIT  2844 CALLS     2846 TOTAL
                     EDM=  0.18E+00    STRATEGY= 2      ERR MATRIX NOT POS-DEF

  EXT PARAMETER                APPROXIMATE        STEP         FIRST   
  NO.   NAME        VALUE          ERROR          SIZE      DERIVATIVE 
   1    Adbar      0.15755       0.54022E-02  -0.33727E-03    144.72    
   2    Adv         1.0000       constant   
   3    Ag          1.0000       constant   
   4    Aubar       0.0000       constant   
   5    Auv         1.0000       constant   
   6    Bdbar     -0.12381       0.41783E-02  -0.30909E-03   -148.70    
   7    Bdv         1.2467       0.13269      -0.12236E-01   -27.446    
   8    Bg         0.14301       0.23007E-01   0.25708E-02  -0.90210    
   9    Bubar       0.0000       constant   
  10    Buv        0.69326       0.30330E-01  -0.37542E-03   -182.49    
  11    Cdbar       11.725        1.2656      -0.18836       0.38926    
  12    Cdv        0.70820        2.0011      -0.35623E-01    5.2961    
  13    Cg          3.0243       0.52735       0.13388       -1.3971    
  14    Cubar       2.7740       0.81220      -0.12194        2.9070    
  15    Cuv         5.4569       0.33437      -0.55961E-01    26.706    
  16    Ddbar      0.64886E-01    2.3339       0.97598E-01  -0.29907    
  17    Ddv         0.0000       constant   
  18    Dg         -2.2914       0.83469E-01  -0.95453E-04   -18.106    
  19    Dubar      -2.2139       0.30159      -0.60383E-01   -8.5532    
  20    Duv         0.0000       constant   
  21    Edv         0.0000       constant   
  22    Euv         0.0000       constant   
  23    Fdv        -6.5393        3.3734       0.25764E-01   -3.7847    
  24    Fuv         4.4156       0.59103      -0.75660E-01   -20.027    

 EXTERNAL ERROR MATRIX.    NDIM=  50    NPAR= 15    ERR DEF=  1.00    
 ELEMENTS ABOVE DIAGONAL ARE NOT PRINTED.
  0.292E-04
  0.212E-04 0.175E-04
  0.102E-03 0.720E-04 0.176E-01
 -0.624E-04-0.599E-04 0.284E-03 0.529E-03
  0.579E-04 0.292E-04-0.555E-03 0.176E-03 0.920E-03
  0.183E-02 0.101E-02 0.757E-01 0.309E-02 0.173E-01 0.160E+01
  0.552E-03 0.162E-03-0.198E+00-0.172E-02 0.260E-01-0.143E+00 0.400E+01
 -0.143E-02-0.116E-02-0.177E-01 0.829E-02-0.100E-02-0.212E+00 0.515E-01 0.278E+00
  0.198E-02 0.145E-02 0.107E-01-0.430E-02 0.127E-01 0.578E+00 0.441E+00-0.204E+00 0.660E+00
  0.535E-04 0.142E-03 0.244E-01-0.223E-02-0.586E-02 0.544E-01-0.476E+00-0.677E-01 0.153E-01 0.112E+00
 -0.126E-02-0.128E-02-0.186E-01 0.128E-01 0.213E-01 0.202E+01 0.818E+00 0.317E+00 0.521E+00-0.107E+00 0.545E+01
  0.100E-03 0.119E-03-0.202E-02-0.133E-02-0.962E-03-0.579E-01 0.161E-01-0.139E-01 0.133E-01 0.562E-02-0.996E-01
  0.697E-02
  0.217E-03 0.140E-03 0.895E-03-0.120E-02 0.890E-03 0.152E+00 0.139E+00-0.601E-01 0.180E+00 0.174E-01 0.104E+00
  0.358E-02 0.910E-01
  0.399E-03-0.360E-04-0.375E+00-0.422E-02 0.406E-01-0.604E+00 0.666E+01 0.157E+00 0.521E+00-0.808E+00 0.122E+01
  0.294E-01 0.162E+00 0.114E+02
 -0.224E-03 0.504E-04 0.378E-01-0.419E-02-0.137E-01-0.263E-01-0.826E+00-0.920E-01-0.682E-01 0.190E+00-0.281E+00
  0.129E-01 0.105E-01-0.138E+01 0.349E+00
 ERR MATRIX NOT POS-DEF

 PARAMETER  CORRELATION COEFFICIENTS
       NO.  GLOBAL     1     6     7     8    10    11    12    13    14    15    16    18    19    23    24
        1  0.97119  1.000 0.941 0.142-0.502 0.353 0.267 0.051-0.503 0.451 0.030-0.100 0.222 0.133 0.022-0.070
        6  0.97190  0.941 1.000 0.130-0.623 0.231 0.190 0.019-0.526 0.427 0.102-0.132 0.340 0.111-0.003 0.020
        7  0.99744  0.142 0.130 1.000 0.093-0.138 0.451-0.747-0.253 0.099 0.550-0.060-0.182 0.022-0.838 0.482
        8  0.97284 -0.502-0.623 0.093 1.000 0.252 0.106-0.037 0.684-0.230-0.289 0.238-0.691-0.172-0.054-0.308
       10  0.99798  0.353 0.231-0.138 0.252 1.000 0.450 0.428-0.063 0.515-0.578 0.300-0.380 0.097 0.397-0.763
       11  0.99672  0.267 0.190 0.451 0.106 0.450 1.000-0.056-0.317 0.562 0.128 0.683-0.548 0.398-0.142-0.035
       12  0.99958  0.051 0.019-0.747-0.037 0.428-0.056 1.000 0.049 0.271-0.712 0.175 0.096 0.231 0.987-0.698
       13  0.98219 -0.503-0.526-0.253 0.684-0.063-0.317 0.049 1.000-0.477-0.384 0.257-0.315-0.378 0.088-0.295
       14  0.99447  0.451 0.427 0.099-0.230 0.515 0.562 0.271-0.477 1.000 0.056 0.275 0.197 0.734 0.190-0.142
       15  0.99918  0.030 0.102 0.550-0.289-0.578 0.128-0.712-0.384 0.056 1.000-0.138 0.201 0.173-0.716 0.964
       16  0.99220 -0.100-0.132-0.060 0.238 0.300 0.683 0.175 0.257 0.275-0.138 1.000-0.511 0.148 0.155-0.204
       18  0.99155  0.222 0.340-0.182-0.691-0.380-0.548 0.096-0.315 0.197 0.201-0.511 1.000 0.142 0.104 0.262
       19  0.99072  0.133 0.111 0.022-0.172 0.097 0.398 0.231-0.378 0.734 0.173 0.148 0.142 1.000 0.159 0.059
       23  0.99973  0.022-0.003-0.838-0.054 0.397-0.142 0.987 0.088 0.190-0.716 0.155 0.104 0.159 1.000-0.692
       24  0.99954 -0.070 0.020 0.482-0.308-0.763-0.035-0.698-0.295-0.142 0.964-0.204 0.262 0.059-0.692 1.000
 ERR MATRIX NOT POS-DEF
 **********
 **    5 **HESSE 
 **********
 COVARIANCE MATRIX CALCULATED SUCCESSFULLY

 FCN=   1379.926     FROM HESSE     STATUS=OK           166 CALLS     3012 TOTAL
                     EDM=  0.87E+00    STRATEGY= 2      ERROR MATRIX ACCURATE 

  EXT PARAMETER                                INTERNAL      INTERNAL  
  NO.   NAME        VALUE          ERROR       STEP SIZE       VALUE   
   1    Adbar      0.15755       0.63639E-02   0.27712E-04   0.15755    
   2    Adv         1.0000       constant   
   3    Ag          1.0000       constant   
   4    Aubar       0.0000       constant   
   5    Auv         1.0000       constant   
   6    Bdbar     -0.12381       0.48835E-02   0.19012E-04  -0.12381    
   7    Bdv         1.2467       0.15755       0.23070E-03    1.2467    
   8    Bg         0.14301       0.27278E-01   0.10384E-03   0.14301    
   9    Bubar       0.0000       constant   
  10    Buv        0.69326       0.36426E-01   0.46186E-04   0.69326    
  11    Cdbar       11.725        4.3444       0.75281E-02    11.725    
  12    Cdv        0.70820        2.4328       0.11156E-02   0.70820    
  13    Cg          3.0243       0.72355       0.27494E-02    3.0243    
  14    Cubar       2.7740        1.0310       0.20491E-02    2.7740    
  15    Cuv         5.4569       0.39976       0.29855E-03    5.4569    
  16    Ddbar      0.64886E-01    3.6414       0.80619E-02   0.64886E-01
  17    Ddv         0.0000       constant   
  18    Dg         -2.2914       0.14523       0.29709E-03   -2.2914    
  19    Dubar      -2.2139       0.24925       0.95703E-03   -2.2139    
  20    Duv         0.0000       constant   
  21    Edv         0.0000       constant   
  22    Euv         0.0000       constant   
  23    Fdv        -6.5393        4.1045       0.15803E-02   -6.5393    
  24    Fuv         4.4156       0.66955       0.40698E-03    4.4156    

 EXTERNAL ERROR MATRIX.    NDIM=  50    NPAR= 15    ERR DEF=  1.00    
 ELEMENTS ABOVE DIAGONAL ARE NOT PRINTED.
  0.405E-04
  0.298E-04 0.238E-04
  0.902E-04 0.684E-04 0.248E-01
 -0.102E-03-0.898E-04 0.127E-03 0.744E-03
  0.912E-04 0.548E-04-0.180E-02 0.150E-03 0.133E-02
  0.452E-02 0.376E-02 0.214E+00-0.269E-01-0.212E-01 0.189E+02
  0.361E-02 0.247E-02-0.283E+00-0.953E-02 0.537E-01-0.154E+01 0.592E+01
 -0.250E-02-0.197E-02-0.264E-01 0.147E-01-0.147E-02-0.880E+00-0.142E+00 0.524E+00
  0.391E-02 0.289E-02-0.762E-02-0.927E-02 0.235E-01-0.256E+00 0.115E+01-0.376E+00 0.106E+01
  0.355E-03 0.334E-03 0.324E-01-0.279E-02-0.550E-02 0.477E-01-0.560E+00-0.113E+00 0.109E+00 0.160E+00
 -0.140E-03-0.118E-03 0.303E-01 0.110E-02 0.515E-02 0.125E+02-0.485E-01 0.640E-01 0.275E-01-0.900E-02 0.133E+02
  0.372E-03 0.343E-03-0.911E-03-0.260E-02-0.771E-03 0.229E+00 0.726E-01-0.369E-01 0.370E-01 0.858E-03 0.364E-02
  0.211E-01
  0.273E-04 0.736E-05 0.217E-02-0.107E-02-0.116E-02 0.893E-01 0.379E-01-0.526E-01 0.845E-01 0.297E-01-0.933E-02
  0.174E-02 0.621E-01
  0.469E-02 0.316E-02-0.536E+00-0.142E-01 0.866E-01-0.337E+01 0.986E+01-0.812E-01 0.164E+01-0.968E+00-0.214E+00
  0.965E-01 0.180E-01 0.168E+02
 -0.360E-04 0.137E-03 0.562E-01-0.475E-02-0.157E-01 0.186E+00-0.111E+01-0.154E+00-0.508E-02 0.254E+00-0.416E-01
  0.309E-02 0.414E-01-0.188E+01 0.448E+00

 PARAMETER  CORRELATION COEFFICIENTS
       NO.  GLOBAL     1     6     7     8    10    11    12    13    14    15    16    18    19    23    24
        1  0.97086  1.000 0.958 0.090-0.586 0.394 0.164 0.233-0.542 0.596 0.140-0.006 0.403 0.017 0.179-0.008
        6  0.97669  0.958 1.000 0.089-0.674 0.308 0.177 0.208-0.558 0.574 0.171-0.007 0.484 0.006 0.158 0.042
        7  0.99679  0.090 0.089 1.000 0.030-0.314 0.313-0.739-0.232-0.047 0.515 0.053-0.040 0.055-0.829 0.533
        8  0.97792 -0.586-0.674 0.030 1.000 0.150-0.227-0.144 0.744-0.330-0.256 0.011-0.656-0.158-0.127-0.260
       10  0.99757  0.394 0.308-0.314 0.150 1.000-0.134 0.606-0.056 0.625-0.378 0.039-0.146-0.128 0.580-0.643
       11  0.99579  0.164 0.177 0.313-0.227-0.134 1.000-0.145-0.280-0.057 0.027 0.792 0.363 0.082-0.189 0.064
       12  0.99969  0.233 0.208-0.739-0.144 0.606-0.145 1.000-0.081 0.459-0.576-0.005 0.205 0.063 0.988-0.683
       13  0.98018 -0.542-0.558-0.232 0.744-0.056-0.280-0.081 1.000-0.504-0.391 0.024-0.351-0.292-0.027-0.318
       14  0.99388  0.596 0.574-0.047-0.330 0.625-0.057 0.459-0.504 1.000 0.266 0.007 0.247 0.329 0.388-0.007
       15  0.99916  0.140 0.171 0.515-0.256-0.378 0.027-0.576-0.391 0.266 1.000-0.006 0.015 0.298-0.590 0.948
       16  0.99296 -0.006-0.007 0.053 0.011 0.039 0.792-0.005 0.024 0.007-0.006 1.000 0.007-0.010-0.014-0.017
       18  0.99284  0.403 0.484-0.040-0.656-0.146 0.363 0.205-0.351 0.247 0.015 0.007 1.000 0.048 0.162 0.032
       19  0.97946  0.017 0.006 0.055-0.158-0.128 0.082 0.063-0.292 0.329 0.298-0.010 0.048 1.000 0.018 0.248
       23  0.99978  0.179 0.158-0.829-0.127 0.580-0.189 0.988-0.027 0.388-0.590-0.014 0.162 0.018 1.000-0.684
       24  0.99944 -0.008 0.042 0.533-0.260-0.643 0.064-0.683-0.318-0.007 0.948-0.017 0.032 0.248-0.684 1.000
 **********
 **    6 **CALL FCN    3.000    
 **********
 **********
 **    7 **HESSE 
 **********
 COVARIANCE MATRIX CALCULATED SUCCESSFULLY

 FCN=   1379.926     FROM HESSE     STATUS=OK           166 CALLS     3179 TOTAL
                     EDM=  0.90E+00    STRATEGY= 2      ERROR MATRIX ACCURATE 

  EXT PARAMETER                                INTERNAL      INTERNAL  
  NO.   NAME        VALUE          ERROR       STEP SIZE       VALUE   
   1    Adbar      0.15755       0.65227E-02   0.55423E-05   0.15755    
   2    Adv         1.0000       constant   
   3    Ag          1.0000       constant   
   4    Aubar       0.0000       constant   
   5    Auv         1.0000       constant   
   6    Bdbar     -0.12381       0.49945E-02   0.38023E-05  -0.12381    
   7    Bdv         1.2467       0.15515       0.46141E-04    1.2467    
   8    Bg         0.14301       0.27591E-01   0.20769E-04   0.14301    
   9    Bubar       0.0000       constant   
  10    Buv        0.69326       0.38567E-01   0.92373E-05   0.69326    
  11    Cdbar       11.725        4.6179       0.15056E-02    11.725    
  12    Cdv        0.70820        2.5801       0.22313E-03   0.70820    
  13    Cg          3.0243       0.72813       0.54988E-03    3.0243    
  14    Cubar       2.7740        1.0783       0.40982E-03    2.7740    
  15    Cuv         5.4569       0.40350       0.59710E-04    5.4569    
  16    Ddbar      0.64886E-01    3.7965       0.16124E-02   0.64886E-01
  17    Ddv         0.0000       constant   
  18    Dg         -2.2914       0.14858       0.59418E-04   -2.2914    
  19    Dubar      -2.2139       0.24828       0.19141E-03   -2.2139    
  20    Duv         0.0000       constant   
  21    Edv         0.0000       constant   
  22    Euv         0.0000       constant   
  23    Fdv        -6.5393        4.2887       0.31606E-03   -6.5393    
  24    Fuv         4.4156       0.68887       0.81396E-04    4.4156    

 EXTERNAL ERROR MATRIX.    NDIM=  50    NPAR= 15    ERR DEF=  1.00    
 ELEMENTS ABOVE DIAGONAL ARE NOT PRINTED.
  0.425E-04
  0.313E-04 0.249E-04
  0.610E-04 0.495E-04 0.241E-01
 -0.106E-03-0.934E-04 0.108E-03 0.761E-03
  0.106E-03 0.651E-04-0.206E-02 0.139E-03 0.149E-02
  0.519E-02 0.433E-02 0.231E+00-0.312E-01-0.242E-01 0.213E+02
  0.481E-02 0.329E-02-0.292E+00-0.108E-01 0.647E-01-0.166E+01 0.666E+01
 -0.264E-02-0.208E-02-0.235E-01 0.151E-01-0.233E-02-0.982E+00-0.233E+00 0.530E+00
  0.432E-02 0.318E-02-0.163E-01-0.985E-02 0.275E-01-0.306E+00 0.146E+01-0.398E+00 0.116E+01
  0.260E-03 0.271E-03 0.323E-01-0.272E-02-0.636E-02 0.443E-01-0.611E+00-0.104E+00 0.841E-01 0.163E+00
  0.430E-03 0.329E-03 0.457E-01-0.145E-02 0.454E-02 0.142E+02-0.110E+00-0.167E-01 0.281E-01-0.105E-01 0.144E+02
  0.409E-03 0.371E-03-0.719E-03-0.274E-02-0.674E-03 0.263E+00 0.820E-01-0.412E-01 0.419E-01 0.433E-03 0.230E-01
  0.221E-01
  0.289E-04 0.871E-05 0.181E-02-0.108E-02-0.114E-02 0.980E-01 0.455E-01-0.519E-01 0.832E-01 0.280E-01-0.264E-02
  0.201E-02 0.616E-01
  0.653E-02 0.442E-02-0.543E+00-0.158E-01 0.103E+00-0.364E+01 0.109E+02-0.225E+00 0.212E+01-0.104E+01-0.384E+00
  0.108E+00 0.306E-01 0.184E+02
 -0.262E-03-0.147E-04 0.575E-01-0.458E-02-0.178E-01 0.198E+00-0.125E+01-0.136E+00-0.648E-01 0.263E+00-0.402E-01
  0.188E-02 0.390E-01-0.208E+01 0.475E+00

 PARAMETER  CORRELATION COEFFICIENTS
       NO.  GLOBAL     1     6     7     8    10    11    12    13    14    15    16    18    19    23    24
        1  0.97228  1.000 0.959 0.060-0.590 0.423 0.172 0.286-0.555 0.615 0.099 0.017 0.422 0.018 0.233-0.058
        6  0.97773  0.959 1.000 0.064-0.678 0.338 0.188 0.256-0.571 0.590 0.135 0.017 0.501 0.007 0.206-0.004
        7  0.99669  0.060 0.064 1.000 0.025-0.344 0.322-0.729-0.208-0.097 0.516 0.078-0.031 0.047-0.816 0.538
        8  0.97843 -0.590-0.678 0.025 1.000 0.130-0.245-0.151 0.752-0.331-0.244-0.014-0.668-0.158-0.133-0.241
       10  0.99783  0.423 0.338-0.344 0.130 1.000-0.136 0.650-0.083 0.661-0.409 0.031-0.118-0.119 0.625-0.672
       11  0.99628  0.172 0.188 0.322-0.245-0.136 1.000-0.140-0.292-0.061 0.024 0.810 0.384 0.085-0.184 0.062
       12  0.99972  0.286 0.256-0.729-0.151 0.650-0.140 1.000-0.124 0.524-0.587-0.011 0.214 0.071 0.989-0.703
       13  0.98043 -0.555-0.571-0.208 0.752-0.083-0.292-0.124 1.000-0.507-0.353-0.006-0.381-0.287-0.072-0.270
       14  0.99441  0.615 0.590-0.097-0.331 0.661-0.061 0.524-0.507 1.000 0.193 0.007 0.262 0.311 0.458-0.087
       15  0.99917  0.099 0.135 0.516-0.244-0.409 0.024-0.587-0.353 0.193 1.000-0.007 0.007 0.279-0.600 0.946
       16  0.99353  0.017 0.017 0.078-0.014 0.031 0.810-0.011-0.006 0.007-0.007 1.000 0.041-0.003-0.024-0.015
       18  0.99316  0.422 0.501-0.031-0.668-0.118 0.384 0.214-0.381 0.262 0.007 0.041 1.000 0.055 0.170 0.018
       19  0.97930  0.018 0.007 0.047-0.158-0.119 0.085 0.071-0.287 0.311 0.279-0.003 0.055 1.000 0.029 0.228
       23  0.99980  0.233 0.206-0.816-0.133 0.625-0.184 0.989-0.072 0.458-0.600-0.024 0.170 0.029 1.000-0.704
       24  0.99947 -0.058-0.004 0.538-0.241-0.672 0.062-0.703-0.270-0.087 0.946-0.015 0.018 0.228-0.704 1.000
 ELEMENTS ABOVE DIAGONAL ARE NOT PRINTED.
